4294967294,0
4294967294,1603
4294967278,263
4294967278,321
4294967278,261
4294967279,302
4294967278,318
4294967279,251
4294967278,258
4294967278,257
82,9
82,0
4294967279,253
4294967279,250
85,6
85,1
85,5
82,8
82,7
4294967279,200
4294967279,300
4294967278,406
81,10
81,0
4294967278,185
4294967279,503
4294967279,165
4294967279,301
94,86
94,85
94,53
283,19
283,44
4294967278,156
274,18
4294967279,156
4294967279,299
4294967278,312
4294967278,274
4294967279,414
4294967278,153
4294967278,152
94,48
94,84
94,83
94,82
94,81
94,80
4294967278,148
4294967279,471
276,22
276,0
276,18
4294967279,137
4294967279,298
4294967279,269
81,9
4294967279,287
4294967279,267
4294967278,346
4294967279,248
94,79
274,277
4294967278,244
235,1172
235,1348
235,1170
235,1542
235,1536
281,17
194,13
278,135
94,78
94,77
94,76
235,572
235,515
235,549
94,75
94,74
94,52
94,51
94,6
94,73
442,263
235,531
235,1347
235,334
214,10
214,8
214,5
94,50
94,49
94,9
94,72
94,38
94,71
94,70
94,47
94,46
94,69
94,5
4294967278,387
365,1
365,52
365,0
365,49
276,21
274,173
274,276
274,156
4294967279,214
4294967279,209
4294967278,420
81,8
82,6
82,1
82,5
4294967278,196
4294967278,384
4294967279,434
4294967278,134
4294967278,133
4294967278,425
4294967279,283
4294967278,271
278,93
278,89
94,68
442,206
442,205
385,285
351,1
351,130
351,0
351,128
235,1346
94,67
94,66
94,45
94,44
94,7
283,1
283,51
283,0
278,196
278,0
278,192
94,65
94,0
4294967279,266
94,64
362,6
362,1
362,5
85,2
235,1279
4294967279,284
4294967279,259
4294967279,389
345,2
4294967278,328
4294967279,255
343,2
4294967278,252
89,2
4294967278,236
4294967278,409
4294967278,213
4294967278,396
4294967279,496
4294967278,198
4294967279,199
4294967279,198
4294967279,451
4294967278,193
4294967279,187
4294967279,223
4294967279,460
4294967278,428
4294967279,157
345,6
345,5
343,4
4294967278,395
4294967279,488
4294967278,403
4294967279,296
4294967279,461
4294967279,295
4294967278,145
4294967278,334
4294967279,258
4294967278,360
369,2
4294967279,294
345,4
343,5
4294967279,418
4294967278,415
85,4
4294967279,485
4294967279,293
81,7
4294967278,208
4294967278,377
4294967279,500
4294967278,204
94,43
94,42
274,275
4294967279,499
194,11
4294967278,199
94,41
94,40
4294967279,464
94,39
94,37
94,8
94,36
94,35
281,64
4294967279,193
4294967278,191
4294967279,407
4294967279,466
4294967279,181
4294967279,487
4294967278,176
4294967278,398
4294967279,292
4294967278,169
4294967279,491
278,1
4294967278,188
274,274
94,34
94,33
442,262
235,1278
94,32
235,571
235,564
281,63
281,0
281,55
94,31
94,30
94,29
194,5
363,7
363,0
4294967278,275
4294967279,290
83,2
235,1321
235,1320
235,374
235,870
235,23
235,1277
235,570
235,46
385,45
385,38
385,44
385,46
4294967278,217
4294967279,390
4294967278,379
4294967279,160
4294967278,151
4294967279,447
4294967294,1615
100,1
375,6
375,5
375,4
462,2
89,6
89,5
4294967278,149
94,28
94,27
94,26
94,25
94,24
94,23
4294967278,144
4294967279,144
4294967279,476
94,22
4294967278,142
4294967279,142
4294967278,292
4294967279,141
4294967278,336
274,273
4294967279,139
4294967278,370
4294967279,470
4294967278,276
4294967278,446
4294967279,136
4294967278,135
4294967279,135
4294967279,134
4294967278,430
4294967278,268
79,2
4294967278,88
4294967278,108
4294967279,88
4294967279,474
365,42
94,21
4294967279,289
94,20
235,1276
94,19
351,72
361,29
274,1
365,23
365,17
365,18
365,22
235,1171
94,18
94,17
4294967279,286
385,1
385,284
363,6
363,1
363,5
235,510
235,1275
4294967279,468
235,362
235,95
235,88
235,547
235,114
295,6
6,4
6,5
214,46
214,13
347,2
4294967279,282
4294967279,2
4294967279,399
4294967278,359
4294967278,427
4294967279,285
4294967279,393
4294967278,357
94,16
94,15
94,14
94,13
94,12
4294967279,249
4294967279,281
4294967279,456
4294967278,443
4294967279,246
442,1
442,261
360,2
235,1319
235,0
235,373
4294967278,242
385,5
94,11
94,1
94,10
347,4
281,1
281,59
365,50
276,1
276,20
4294967279,440
276,16
365,51
4294967279,236
4294967278,234
4294967278,232
351,14
235,1
351,129
4294967278,305
4294967279,233
235,544
347,5
365,44
365,43
365,5
351,73
351,6
351,58
351,61
351,7
361,24
361,25
361,5
83,4
4294967278,397
4294967279,278
4294967279,501
4294967278,355
4294967279,277
4294967279,465
4294967278,412
4294967279,472
4294967279,452
4294967278,203
4294967278,386
4294967278,197
4294967279,454
4294967278,429
4294967279,276
4294967278,256
4294967279,494
8,4
4294967278,302
330,4
330,5
4294967278,183
478,5
4294967278,431
4294967278,404
4294967278,107
4294967278,106
4294967279,108
4294967279,107
4294967279,268
4294967278,180
227,5
283,48
283,39
283,28
283,16
274,270
274,269
274,268
274,267
274,266
274,264
274,265
274,263
274,262
274,261
274,260
274,258
274,259
235,1167
235,481
235,507
235,479
235,488
235,478
235,475
235,485
235,473
235,482
235,471
235,472
235,1163
235,470
235,1166
235,1164
235,1168
235,468
235,121
235,504
235,501
235,1152
235,500
235,498
235,102
235,98
235,497
235,495
235,86
235,462
235,480
235,1165
235,460
235,451
235,450
235,345
235,487
235,457
235,466
235,455
235,51
235,489
235,116
235,65
235,1153
235,39
235,454
235,505
235,465
235,492
235,34
235,1156
235,1157
235,325
235,1159
235,509
235,449
235,92
235,448
235,1160
4294967278,342
4294967279,256
82,2
4294967278,301
4294967279,486
4294967279,177
4294967279,172
4294967278,170
4294967279,171
4294967278,316
4294967279,478
4294967278,255
4294967278,300
94,2
4294967279,138
351,75
351,69
4294967279,462
4294967294,1605
358,2
4294967279,489
357,2
81,6
81,1
81,5
81,2
370,2
351,63
351,57
4294967278,104
4294967279,105
4294967278,418
4294967279,405
4294967278,2
366,2
273,4
273,5
32,4
4294967278,223
225,5
4294967278,413
351,51
351,44
351,38
351,32
351,26
351,18
351,13
50,4
50,5
336,7
340,6
4294967294,1631
418,5
4294967279,482
4294967278,215
235,22
4294967294,1707
4294967294,1702
4294967294,26
4294967294,12
4294967279,133
357,4
79,4
446,7
4294967294,22
4294967294,506
357,6
357,5
439,4
439,5
4294967294,1637
4294967294,1647
4294967294,51
358,5
4294967278,272
2,4
246,4
210,4
244,4
246,6
4294967294,1636
4294967294,1607
210,5
94,4
351,12
4294967279,443
4294967278,290
182,2
4294967279,273
351,5
4294967279,480
4294967279,270
4294967294,1468
4294967279,305
4294967294,1470
4294967278,444
403,2
348,4
4294967279,511
4294967278,424
402,5
402,2
402,4
397,6
397,5
397,2
397,4
4294967278,278
4294967279,400
4294967278,221
442,2
4294967278,259
4294967278,419
4294967279,477
436,2
4294967278,364
4294967279,247
434,6
434,5
434,2
434,4
4294967278,229
4294967279,421
4294967278,309
432,2
4294967279,245
4294967278,332
431,2
4294967279,397
4294967278,333
4294967279,422
4294967278,330
4294967279,396
4294967278,329
4294967279,395
4294967278,390
4294967279,261
427,2
4294967278,319
4294967279,498
426,2
4294967278,356
4294967279,391
4294967278,253
425,2
4294967278,297
424,2
4294967279,419
4294967278,307
423,2
274,0
4294967279,257
370,5
370,4
369,8
369,7
369,6
369,4
421,2
366,5
366,4
4294967294,17
4294967294,42
4294967294,67
4294967294,99
4294967294,76
4294967294,36
4294967294,41
4294967294,43
89,1
4294967279,244
89,4
4294967278,240
4294967279,240
4294967278,238
4294967279,238
4294967278,237
4294967279,237
4294967279,438
420,2
4294967278,291
385,2
4294967279,232
4294967278,230
4294967279,230
4294967278,228
4294967279,228
4294967278,226
4294967279,226
4294967279,504
365,2
4294967278,222
4294967279,222
4294967278,220
4294967279,220
4294967278,218
4294967279,218
4294967278,216
4294967279,216
4294967278,214
4294967279,280
4294967278,303
4294967279,469
363,2
4294967278,212
4294967279,213
4294967278,211
4294967279,212
4294967278,210
4294967279,211
4294967278,209
4294967279,210
4294967278,442
4294967279,453
362,2
4294967278,207
4294967279,208
4294967278,206
4294967279,207
4294967279,206
4294967279,205
4294967278,433
361,2
4294967279,204
4294967278,202
4294967279,203
4294967278,201
4294967279,202
4294967278,200
4294967279,201
4294967278,294
4294967279,436
354,5
354,2
354,4
4294967278,408
4294967279,425
4294967294,1457
4294967279,435
4294967278,434
351,2
4294967279,197
4294967278,195
4294967279,196
4294967278,194
4294967279,195
4294967279,194
4294967278,192
4294967279,316
4294967278,411
348,2
4294967279,192
4294967278,190
4294967279,191
4294967278,189
4294967279,190
4294967279,189
4294967278,187
4294967279,188
4294967278,186
4294967279,449
4294967278,235
290,132
290,57
290,36
290,19
290,12
290,194
290,193
290,129
290,54
290,46
290,44
290,15
290,199
290,196
290,131
290,62
290,60
290,41
290,30
290,20
290,10
290,5
290,77
290,71
290,67
290,59
290,45
290,29
290,23
290,7
290,2
290,4
4294967279,186
4294967278,184
4294967279,185
4294967278,436
4294967279,184
4294967278,182
4294967279,183
4294967278,181
4294967279,182
4294967278,317
4294967279,225
289,6
289,2
289,4
4294967278,179
4294967279,180
4294967278,178
4294967279,179
4294967278,177
4294967279,178
4294967278,414
4294967294,1426
4294967279,510
287,6
287,8
287,7
287,2
287,4
4294967278,175
4294967279,176
4294967278,173
4294967279,175
4294967278,172
4294967279,173
4294967278,171
4294967279,509
4294967278,322
285,30
285,28
285,27
285,26
285,24
285,23
285,21
285,20
285,19
285,18
285,17
285,15
285,14
285,13
285,11
285,10
285,8
285,7
285,6
285,5
285,2
285,4
289,5
4294967294,83
4294967278,102
4294967279,103
4294967279,481
4294967279,0
4294967279,260
4294967294,1469
4294967279,275
4294967294,1616
4294967278,426
284,197
284,193
284,196
284,133
284,192
284,131
284,132
284,128
284,130
284,63
284,129
284,57
284,55
284,54
284,53
284,35
284,51
284,26
284,48
284,46
284,44
284,42
284,32
284,194
284,195
284,29
284,23
284,62
284,19
284,28
284,13
284,17
284,15
284,10
284,61
284,41
284,38
284,9
284,5
284,2
4294967279,170
4294967294,5
4294967278,168
287,5
284,88
284,87
284,86
284,85
284,84
284,83
284,82
284,81
284,80
284,79
4294967279,169
4294967278,167
4294967279,168
4294967279,490
4294967278,165
4294967279,166
4294967278,421
4294967279,484
283,42
283,36
283,20
283,21
283,14
283,24
283,47
283,30
283,13
283,6
283,40
283,12
283,35
283,49
283,25
283,18
283,23
283,29
283,11
283,5
283,50
283,46
283,45
283,43
283,41
283,38
283,37
283,34
283,33
283,32
283,31
283,27
283,26
283,22
283,17
283,15
283,10
283,9
283,8
283,7
283,2
283,4
4294967278,163
4294967279,164
4294967278,162
4294967279,163
284,78
284,77
284,76
284,75
284,74
284,73
284,72
284,71
284,70
284,69
284,68
284,67
284,66
284,65
284,64
284,60
284,59
284,58
284,56
284,52
284,50
284,49
284,47
284,45
284,43
284,40
284,39
284,37
284,36
284,34
284,33
284,31
284,30
284,27
284,25
284,24
284,22
284,21
284,20
284,18
284,16
284,14
284,12
284,11
284,8
284,7
284,6
284,4
60,4
4294967278,161
4294967279,162
4294967278,160
4294967279,161
4294967278,159
4294967278,158
4294967279,159
4294967279,502
4294967278,435
4294967279,158
4294967278,401
4294967279,313
281,47
281,22
281,41
281,16
281,46
281,23
281,44
281,15
281,9
281,51
281,52
281,33
281,32
281,8
281,54
281,37
281,36
281,7
281,53
281,35
281,34
281,6
281,60
281,42
281,30
281,18
281,43
281,28
281,57
281,25
281,5
281,58
281,56
281,62
281,50
281,49
281,45
281,40
281,39
281,38
281,29
281,27
281,26
281,21
281,20
281,61
281,19
281,13
281,12
281,11
281,10
281,2
281,4
4294967278,155
4294967279,155
4294967278,154
4294967279,154
4294967278,394
4294967279,153
4294967279,467
208,4
4294967294,68
4294967294,11
4294967279,152
4294967279,483
4294967278,373
4294967279,151
4294967278,150
4294967279,150
4294967278,345
4294967279,149
4294967278,393
278,88
278,194
278,85
278,86
278,84
278,81
278,77
278,78
278,72
278,73
278,71
278,62
278,67
278,59
278,193
278,63
278,195
278,55
278,41
278,52
278,46
278,50
278,34
278,35
278,32
278,30
278,27
278,25
278,23
278,17
278,12
278,19
278,11
278,42
278,10
278,6
278,91
278,87
278,82
278,76
278,69
278,65
278,90
278,58
278,92
278,47
278,49
278,36
278,38
278,28
278,37
278,20
278,22
278,15
278,43
278,14
278,2
4294967279,148
4294967278,147
4294967279,147
4294967278,146
4294967279,146
4294967279,433
4294967278,400
4294967279,145
4294967279,415
4294967278,310
4294967279,311
4294967278,143
4294967279,143
0,5
4294967278,267
4294967294,7
4294967294,6
276,13
276,12
276,6
276,19
276,17
276,15
276,9
276,8
276,7
276,2
276,4
4294967278,239
4294967278,371
4294967279,241
4294967279,239
4294967279,235
4294967278,141
4294967279,493
278,54
278,134
278,133
278,132
278,131
278,130
278,129
278,128
278,83
278,80
278,79
278,75
278,74
278,70
278,68
278,66
278,64
278,61
278,60
278,57
278,56
278,53
278,51
278,48
278,45
278,44
278,40
278,39
278,33
278,31
278,29
278,26
278,24
278,21
278,18
278,16
278,13
278,9
278,8
278,7
4294967278,140
4294967279,140
246,5
276,11
276,10
4294967278,139
4294967279,507
4294967278,138
4294967279,279
4294967278,392
4294967279,432
274,158
274,131
274,150
274,53
274,160
274,132
274,153
274,27
274,148
274,129
274,155
274,51
274,161
274,133
274,152
274,19
274,154
274,130
274,146
274,50
274,149
274,62
274,141
274,26
274,147
274,61
274,144
274,46
274,142
274,60
274,139
274,8
274,157
274,143
274,136
274,128
274,57
274,41
274,40
274,7
274,159
274,151
274,172
274,140
274,137
274,170
274,135
274,168
274,63
274,166
274,58
274,164
274,42
274,163
274,30
274,29
274,6
274,171
274,145
274,138
274,169
274,134
274,167
274,59
274,165
274,49
274,162
274,35
274,34
274,5
274,2
4294967278,136
82,4
4294967279,492
276,14
276,5
278,4
278,5
274,257
274,256
274,255
274,254
274,253
274,252
274,251
274,250
274,249
274,248
274,247
274,246
274,245
274,244
274,243
274,242
274,241
274,240
274,239
274,238
274,237
274,236
274,235
274,234
274,233
274,232
274,231
274,230
274,229
274,271
274,272
274,228
274,227
274,226
274,225
274,224
274,223
274,222
274,221
274,220
274,219
274,218
274,217
274,216
274,215
274,214
274,213
274,212
274,211
274,210
274,209
274,208
274,207
274,206
274,205
274,204
274,203
274,202
274,201
274,200
274,199
274,198
274,197
274,196
274,195
274,194
274,193
274,192
274,127
274,126
274,125
274,124
274,123
274,122
274,121
274,120
274,119
274,118
274,117
274,116
274,115
274,114
274,113
274,112
274,111
274,110
274,109
274,108
274,107
274,106
274,105
274,104
274,103
274,102
274,101
274,100
274,99
274,98
274,97
274,96
274,95
274,94
274,93
274,92
274,91
274,90
274,89
274,88
274,87
274,86
274,85
274,84
274,83
274,82
274,81
274,80
274,79
274,78
274,77
274,76
274,75
274,74
274,73
274,72
274,71
274,70
274,69
274,68
274,67
274,66
274,65
432,4
432,5
435,4
431,4
430,4
429,4
428,4
427,4
426,4
425,4
425,5
424,4
424,5
423,4
4294967278,369
4294967279,459
4294967278,399
235,359
235,854
235,838
235,104
235,855
235,866
235,833
235,330
235,835
235,846
235,80
235,841
235,346
235,101
235,79
235,851
235,351
235,862
235,361
235,77
235,842
235,865
235,331
235,97
235,869
235,75
235,859
235,861
235,110
235,847
235,863
235,100
235,43
235,848
235,852
235,369
235,849
235,12
235,569
235,81
235,27
235,550
235,38
235,340
235,560
235,349
235,543
235,525
235,1408
235,558
235,516
235,562
235,26
235,512
235,534
235,552
235,556
235,357
235,561
235,33
235,329
235,535
235,336
235,545
235,528
235,50
235,559
235,567
235,323
235,554
235,355
235,526
235,520
235,11
235,1303
235,1313
235,767
235,757
235,758
235,1312
235,381
235,375
235,737
235,1601
235,1300
235,738
235,739
235,734
235,723
235,755
235,749
235,753
235,717
235,719
235,380
235,706
235,368
235,339
235,124
235,107
235,85
235,70
235,10
235,1316
235,1310
235,764
235,367
235,760
235,752
235,746
235,1308
235,338
235,1302
235,741
235,1299
235,726
235,1293
235,731
235,123
235,722
235,1287
235,1289
235,1318
235,713
235,106
235,709
235,84
235,704
235,69
235,379
235,1281
235,68
235,9
235,1294
235,742
235,371
235,82
235,1314
235,1311
235,370
235,748
235,761
235,754
235,354
235,1306
235,733
235,744
235,1297
235,1295
235,736
235,324
235,729
235,1290
235,714
235,720
235,1317
235,113
235,710
235,89
235,705
235,63
235,382
235,1282
235,62
235,8
235,1315
235,1309
235,763
235,366
235,759
235,751
235,745
235,1307
235,337
235,1301
235,740
235,1298
235,725
235,1292
235,730
235,122
235,721
235,1286
235,1288
235,712
235,105
235,708
235,83
235,383
235,67
235,378
235,1280
235,66
235,7
235,320
235,766
235,372
235,1538
235,1539
235,1540
235,762
235,363
235,756
235,750
235,747
235,342
235,1304
235,1305
235,1537
235,743
235,1541
235,732
235,1296
235,735
235,321
235,727
235,728
235,1285
235,715
235,718
235,115
235,711
235,93
235,707
235,78
235,377
235,1284
235,57
235,376
235,1283
235,56
235,6
235,477
235,125
235,490
235,126
235,469
235,91
235,502
235,496
235,118
235,453
235,452
235,459
235,458
235,484
235,506
235,21
235,322
235,326
235,1155
235,493
235,483
235,503
235,94
235,87
235,456
235,491
235,327
235,1161
235,464
235,461
235,332
235,328
235,1162
235,476
235,474
235,1154
235,1169
235,486
